;===================================================================;   
;                                                                   ;                                                               
; Board representation                                              ;
;                                                                   ;
;                               BLACK                               ;
;                                                                   ;
;                       01      02      03      04                  ;
;                   05      06      07      08                      ;
;                       09      10      11      12                  ;
;                   13      14      15      16                      ;
;                       17      18      19      20                  ;
;                   21      22      23      24                      ;
;                       25      26      27      28                  ;
;                   29      30      31      32                      ;
;                                                                   ;               
;                               WHITE                               ;     
;                                                                   ;  
;                                                                   ;  
; ----------------------------------------------------------------- ;
;                                                                   ;  
;                                                                   ;  
;                               BLACK                               ;  
;                                                                   ;                                                               
;                                              COL1                 ;
;                                                                   ;
;                       11      05      31      25  ROW1            ;
;                   10      04      30      24                      ;
;                       03      29      23      17                  ;
;                   02      28      22      16                      ;
;                       27      21      15      09                  ;
;                   26      20      14      08                      ;
;                       19      13      07      01                  ;
;         ROW8      18      12      06      00                      ;
;                                                                   ;
;                  COL8                                             ;
;                                                                   ;                                                               
;               		WHITE                               ;                                                              
;                                                                   ;                                                               
;===================================================================;   

